/*
map.ao.depack DISASM

header: 24 bytes
00 38 17 00 00 16 00 00 00 00 00 00 00 00 00 00 00 20 00 20 00 0E 00 20

code: 120 bytes
47 00 42 
48 00 01 
3F 
44 00 00 00 58 00 02 00 00 
4F 30 00 00 00 00 
4F 30 00 00 00 00 00 18 00 00 00 00 00 00 02 10 03 21 05 32 06 43 05 00 00 20 01 30 02 40 07 50 00 13 00 15 01 34 04 55 06 77 D0 D0 D0 D0 D0 D0 52 92 B1 B1 13 13 12 12 F0 F0 F1 71 73 73 33 33 C0 C0 42 42 E1 E1 63 63 23 23 00 00 00 12 00 00 00 04 FF 01 00 00 00 9F 00 00 00 89 02 00 01 3F 00 7D

data: 20160 bytes (map image, 4bpp)
*/




; 47 00 42
$0000 $090ba8 cscreen $0042
; 48 00 01
$0003 $090bab cput oimmb $01
; 3f
$0006 $090bae csleep 			; calls cstop
$0007 $090baf cexit
